100
453 71
1000 2
1000 1
918 38
2 96
871 75
1000 97
915 30
2 1
497 91
171 6
424 35
295 30
270 26
2 4
835 62
289 48
906 56
2 5
1000 4
665 37
13 37
565 89
555 27
494 92
1000 96
398 61
70 56
2 2
451 5
755 11
2 95
1000 95
387 98
30 46
2 3
362 76
712 1
169 3
853 50
320 75
289 65
2 97
930 46
950 71
246 78
924 39
81 39
1000 5
824 54
254 30
779 34
508 54
921 39
317 36
656 95
580 93
440 28
537 11
363 69
642 34
264 31
635 54
1000 99
716 10
865 5
958 86
1000 3
2 50
950 95
582 60
509 10
837 81
772 5
875 93
1000 98
865 23
786 52
978 10
758 85
793 69
808 71
2 99
728 33
2 98
838 46
551 71
912 68
143 26
3 10
500 44
355 11
443 91
226 22
892 10
383 4
684 94
397 40
79 65
124 68